      MDL_CWWWL2 = 0.000000D+00
      MDL_CWL2 = 0.000000D+00
      MDL_CBL2 = 0.000000D+00
      MDL_CPWWWL2 = 0.000000D+00
      MDL_CPWL2 = 0.000000D+00
      MDL_CPHIDL2 = 0.000000D+00
      MDL_CPHIWL2 = 0.000000D+00
      MDL_CPHIBL2 = 0.000000D+00
      AEWM1 = 1.279000D+02
      MDL_GF = 1.166370D-05
      AS = 1.184000D-01
      MDL_LAMWS = 0.000000D+00
      MDL_AWS = 0.000000D+00
      MDL_RHOWS = 0.000000D+00
      MDL_ETAWS = 0.000000D+00
      MDL_YMC = 1.270000D+00
      MDL_YMB = 4.700000D+00
      MDL_YMT = 1.720000D+02
      MDL_YMM = 1.056600D-01
      MDL_YMTAU = 1.777000D+00
      MDL_MZ = 9.118760D+01
      MDL_MC = 1.270000D+00
      MDL_MT = 1.720000D+02
      MDL_MB = 4.700000D+00
      MDL_MH = 1.250000D+02
      MDL_MM = 1.056600D-01
      MDL_MTA = 1.777000D+00
      MDL_MP = 1.250000D+02
      MDL_WZ = 2.495200D+00
      MDL_WW = 2.085000D+00
      MDL_WT = 1.508336D+00
      MDL_WH = 4.070000D-03
      MDL_WTAU = 2.270000D-12
      MDL_WH1 = 4.070000D-03
